5628
8130
7958
5881
515
4464
2072
9015
7229
4899
5960
476
3519
7041
8564
8928
569
2918
9912
9493
6139
9076
293
1404
7057
7561
547
1397
4963
3808
8784
591
1938
6742
3185
9155
1206
1969
4892
5147
6858
7565
5613
7090
4606
900
6018
1887
3808
2652
1380
6659
1728
8375
8054
8776
5937
5313
6885
900
9112
5669
8194
7762
9124
8091
3640
7042
60
5244
2190
6909
2809
4515
3999
7406
5405
6729
6005
9204
9371
4098
2585
1100
2473
7351
6588
5122
2665
3473
2735
8489
5854
929
2973
1700
5732
3325
8733
5782
8560
7635
9403
1369
2150
124
5487
7546
6843
1493
3472
6215
5581
2769
4027
4766
121
615
9879
9488
800
2614
7977
3366
255
7662
5057
5977
988
3790
1759
9538
1425
7875
907
3565
7989
3107
7823
1555
4590
8007
7760
6883
7489
8499
1649
7600
9104
8240
3810
6616
854
8499
9972
7811
6161
5029
3788
7139
5531
2260
3399
6946
135
1019
7224
4836
4116
1769
6381
5418
6489
863
2301
3978
9352
662
8290
5178
8893
2100
8506
6459
599
8479
4271
3472
230
8049
612
5752
7021
723
2698
3868
1732
6634
8695
2560
8394
5076
7968
4883
2652
6981
5573
2004
7634
3863
3895
6527
5953
2401
2986
6542
880
7247
14
7813
2019
7328
3565
9030
4764
2975
2899
3208
6322
8306
5759
4716
104
3727
6311
2746
7421
1884
4741
5055
5737
5348
8294
8402
7739
7992
4944
5332
5240
1670
3145
3971
5711
3422
9713
475
3109
9324
3673
9421
7630
6144
4137
7725
6584
7160
7183
4005
5756
1924
9050
1493
3984
4066
9885
1724
2058
1551
3768
4010
9924
6903
7971
2357
7037
4407
2822
146
3731
3207
9558
8074
9342
417
5799
5926
7568
2982
6643
3324
1619
5693
1530
5593
6471
8127
4029
8519
6391
7787
2530
3037
1412
7213
5384
8439
1620
8196
8576
5342
8115
8134
3416
4179
5263
5927
6817
2831
5621
3460
2868
3952
5865
1110
6258
2336
5949
287
856
2340
4787
98
5367
6189
7301
7463
1351
8912
5659
9917
976
497
4773
4382
4666
36
7021
8196
9570
2642
1656
9150
3307
4234
260
9555
6560
2921
6554
4128
1974
1341
4216
4053
4243
8230
1517
5584
7142
3888
2223
8108
4375
6986
9202
5754
3734
6223
3950
26
5577
2318
9166
8874
6542
6138
5151
9815
9050
8418
3943
1024
6471
4872
5067
714
3102
3296
3010
6956
7175
5223
5064
8262
8921
988
4016
9368
7201
4678
9384
9490
3709
8551
5087
251
4689
238
6778
461
5368
7434
8187
1840
2306
9967
2544
2120
3263
2267
9066
438
4202
852
8691
3124
1830
9419
9204
5743
4098
8588
5233
4519
7139
7032
4760
8541
3983
8251
5714
9341
5685
3902
1181
7981
3869
438
6813
7122
2695
5879
4273
6887
3443
2964
6723
5263
2383
5927
7718
3193
4516
9663
7702
8367
6696
9175
3630
679
7426
9335
20
3111
9949
1192
7804
540
1620
1339
7652
1027
7208
1925
7904
7363
1601
1350
2626
3975
7267
7056
3880
8495
6719
1583
3585
3415
7470
7205
4084
4896
3262
4095
4719
9923
1999
9235
463
3609
574
4828
4626
4494
3465
9242
1857
5057
7304
1195
5744
4572
4963
9614
9779
1682
7909
3364
5088
5379
7282
5884
6987
7256
9969
8418
7180
1968
4375
4355
2289
1661
9173
3627
6145
2639
9582
4714
7686
6886
2621
3430
8170
7574
9756
7950
5969
7666
1314
1057
9757
5308
6931
6745
2565
3623
1885
6457
2303
6251
812
1305
7902
6698
4922
770
9327
1226
5474
3735
8103
4808
3877
6273
9094
355
945
5063
8011
8962
6110
4491
4270
9754
7948
3547
99
9823
9994
2392
6074
7519
3687
699
939
5322
1459
266
6538
3645
713
1363
8443
4580
4349
4260
1647
5284
9313
9649
4246
2146
862
5229
1900
8800
5488
8701
8623
2205
1093
1420
9714
1493
2109
653
3527
3558
7621
6777
3915
5046
8131
9071
9616
9192
3331
1263
4476
2644
7624
5435
4780
8476
7376
3392
7276
2864
2093
2622
5059
3177
4032
1495
1382
6131
8850
4899
6401
6471
1676
316
1517
6519
9377
7845
5711
2708
5821
6900
5343
167
2335
6835
5356
6423
228
9344
9277
2311
1966
1059
2200
5988
2544
3572
8831
1395
5183
1954
4578
3572
2261
2808
91
8350
7365
2515
7771
3186
9405
3114
66
8452
6661
5412
4875
6879
1478
874
9181
3435
1923
1381
6135
4458
1666
1689
2565
6839
3633
7133
411
5884
9931
7205
957
4019
9710
8718
3917
5837
8544
3973
4289
5205
6097
5876
2085
7566
6740
7978
7713
5376
6071
570
9824
7727
2249
9101
1289
5873
6234
8402
8469
2888
5607
9416
3619
2039
8134
7526
7866
6678
1500
8867
8596
4309
1465
681
1875
4918
5371
6300
294
1442
6861
6830
5882
9100
5931
7161
4973
8877
5563
3443
8477
7883
9571
2096
9912
7706
9613
4501
1106
7825
3368
9692
2134
4824
7085
4000
6454
2456
300
6738
611
3873
290
6483
2974
6211
366
7937
1810
2641
8092
288
524
7664
9086
437
2092
8699
4928
3188
6524
5008
9593
8649
6544
6678
9361
2998
9125
6373
6448
6448
247
6728
2931
3211
9651
9999
7860
1462
2640
2675
1740
3155
7051
826
304
9133
6238
1944
9033
9474
6942
8626
8123
209
5305
4206
9909
1152
580
6358
7590
7529
9798
7233
7452
9450
7232
2034
912
9862
4699
9354
9729
8462
6892
33
7595
3130
1967
3351
2605
5622
1977
7440
5821
3994
8359
2452
5136
5651
8800
9438
3180
8599
6671
7344
8049
3903
9368
5673
3766
790
5027
3495
9242
1919
241
6838
1762
2198
6901
4357
4532
8868
8509
7065
2863
6868
9508
4711
2519
5030
4150
5689
3629
821
9745
8390
1437
9114
4063
1915
9894
9080
2122
9136
7712
2353
2696
9464
1264
9587
543
5786
5178
9042
9564
4753
5911
9072
9454
5142
4102
326
7544
4444
1138
7289
9546
9277
6403
3610
